0
1
2
6
4
10
12
28
8
18
20
44
24
52
56
120
16
34
36
76
40
84
88
184
48
100
104
216
112
232
240
496
32
66
68
140
72
148
152
312
80
164
168
344
176
360
368
752
96
196
200
408
208
424
432
880
224
456
464
944
480
976
992
2016
64
130
132
268
136
276
280
568
144
292
296
600
304
616
624
1264
160
324
328
664
336
680
688
1392
352
712
720
1456
736
1488
1504
3040
192
388
392
792
400
808
816
1648
416
840
848
1712
864
1744
1760
3552
448
904
912
1840
928
1872
1888
3808
960
1936
1952
3936
1984
4000
4032
8128
128
258
260
524
264
532
536
1080
272
548
552
1112
560
1128
1136
2288
288
580
584
1176
592
1192
1200
2416
608
1224
1232
2480
1248
2512
2528
5088
320
644
648
1304
656
1320
1328
2672
672
1352
1360
2736
1376
2768
2784
5600
704
1416
1424
2864
1440
2896
2912
5856
1472
2960
2976
5984
3008
6048
6080
12224
384
772
776
1560
784
1576
1584
3184
800
1608
1616
3248
1632
3280
3296
6624
832
1672
1680
3376
1696
3408
3424
6880
1728
3472
3488
7008
3520
7072
7104
14272
896
1800
1808
3632
1824
3664
3680
7392
1856
3728
3744
7520
3776
7584
7616
15296
1920
3856
3872
7776
3904
7840
7872
15808
3968
7968
8000
16064
8064
16192
16256
32640
256
514
516
1036
520
1044
1048
2104
528
1060
1064
2136
1072
2152
2160
4336
544
1092
1096
2200
1104
2216
2224
4464
1120
2248
2256
4528
2272
4560
4576
9184
576
1156
1160
2328
1168
2344
2352
4720
1184
2376
2384
4784
2400
4816
4832
9696
1216
2440
2448
4912
2464
4944
4960
9952
2496
5008
5024
10080
5056
10144
10176
20416
640
1284
1288
2584
1296
2600
2608
5232
1312
2632
2640
5296
2656
5328
5344
10720
1344
2696
2704
5424
2720
5456
5472
10976
2752
5520
5536
11104
5568
11168
11200
22464
1408
2824
2832
5680
2848
5712
5728
11488
2880
5776
5792
11616
5824
11680
11712
23488
2944
5904
5920
11872
5952
11936
11968
24000
6016
12064
12096
24256
12160
24384
24448
49024
768
1540
1544
3096
1552
3112
3120
6256
1568
3144
3152
6320
3168
6352
6368
12768
1600
3208
3216
6448
3232
6480
6496
13024
3264
6544
6560
13152
6592
13216
13248
26560
1664
3336
3344
6704
3360
6736
6752
13536
3392
6800
6816
13664
6848
13728
13760
27584
3456
6928
6944
13920
6976
13984
14016
28096
7040
14112
14144
28352
14208
28480
28544
57216
1792
3592
3600
7216
3616
7248
7264
14560
3648
7312
7328
14688
7360
14752
14784
29632
3712
7440
7456
14944
7488
15008
15040
30144
7552
15136
15168
30400
15232
30528
30592
61312
3840
7696
7712
15456
7744
15520
15552
31168
7808
15648
15680
31424
15744
31552
31616
63360
7936
15904
15936
31936
16000
32064
32128
64384
16128
32320
32384
64896
32512
65152
65280
130816
512
1026
1028
2060
1032
2068
2072
4152
1040
2084
2088
4184
2096
4200
4208
8432
1056
2116
2120
4248
2128
4264
4272
8560
2144
4296
4304
8624
4320
8656
8672
17376
1088
2180
2184
4376
2192
4392
4400
8816
2208
4424
4432
8880
4448
8912
8928
17888
2240
4488
4496
9008
4512
9040
9056
18144
4544
9104
9120
18272
9152
18336
18368
36800
1152
2308
2312
4632
2320
4648
4656
9328
2336
4680
4688
9392
4704
9424
9440
18912
2368
4744
4752
9520
4768
9552
9568
19168
4800
9616
9632
19296
9664
19360
19392
38848
2432
4872
4880
9776
4896
9808
9824
19680
4928
9872
9888
19808
9920
19872
19904
39872
4992
10000
10016
20064
10048
20128
20160
40384
10112
20256
20288
40640
20352
40768
40832
81792
1280
2564
2568
5144
2576
5160
5168
10352
2592
5192
5200
10416
5216
10448
10464
20960
2624
5256
5264
10544
5280
10576
10592
21216
5312
10640
10656
21344
10688
21408
21440
42944
2688
5384
5392
10800
5408
10832
10848
21728
5440
10896
10912
21856
10944
21920
21952
43968
5504
11024
11040
22112
11072
22176
22208
44480
11136
22304
22336
44736
22400
44864
44928
89984
2816
5640
5648
11312
5664
11344
11360
22752
5696
11408
11424
22880
11456
22944
22976
46016
5760
11536
11552
23136
11584
23200
23232
46528
11648
23328
23360
46784
23424
46912
46976
94080
5888
11792
11808
23648
11840
23712
23744
47552
11904
23840
23872
47808
23936
47936
48000
96128
12032
24096
24128
48320
24192
48448
48512
97152
24320
48704
48768
97664
48896
97920
98048
196352
1536
3076
3080
6168
3088
6184
6192
12400
3104
6216
6224
12464
6240
12496
12512
25056
3136
6280
6288
12592
6304
12624
12640
25312
6336
12688
12704
25440
12736
25504
25536
51136
3200
6408
6416
12848
6432
12880
12896
25824
6464
12944
12960
25952
12992
26016
26048
52160
6528
13072
13088
26208
13120
26272
26304
52672
13184
26400
26432
52928
26496
53056
53120
106368
3328
6664
6672
13360
6688
13392
13408
26848
6720
13456
13472
26976
13504
27040
27072
54208
6784
13584
13600
27232
13632
27296
27328
54720
13696
27424
27456
54976
27520
55104
55168
110464
6912
13840
13856
27744
13888
27808
27840
55744
13952
27936
27968
56000
28032
56128
56192
112512
14080
28192
28224
56512
28288
56640
56704
113536
28416
56896
56960
114048
57088
114304
114432
229120
3584
7176
7184
14384
7200
14416
14432
28896
7232
14480
14496
29024
14528
29088
29120
58304
7296
14608
14624
29280
14656
29344
29376
58816
14720
29472
29504
59072
29568
59200
59264
118656
7424
14864
14880
29792
14912
29856
29888
59840
14976
29984
30016
60096
30080
60224
60288
120704
15104
30240
30272
60608
30336
60736
60800
121728
30464
60992
61056
122240
61184
122496
122624
245504
7680
15376
15392
30816
15424
30880
30912
61888
15488
31008
31040
62144
31104
62272
62336
124800
15616
31264
31296
62656
31360
62784
62848
125824
31488
63040
63104
126336
63232
126592
126720
253696
15872
31776
31808
63680
31872
63808
63872
127872
32000
64064
64128
128384
64256
128640
128768
257792
32256
64576
64640
129408
64768
129664
129792
259840
65024
130176
130304
260864
130560
261376
261632
523776
1024
2050
2052
4108
2056
4116
4120
8248
2064
4132
4136
8280
4144
8296
8304
16624
2080
4164
4168
8344
4176
8360
8368
16752
4192
8392
8400
16816
8416
16848
16864
33760
2112
4228
4232
8472
4240
8488
8496
17008
4256
8520
8528
17072
8544
17104
17120
34272
4288
8584
8592
17200
8608
17232
17248
34528
8640
17296
17312
34656
17344
34720
34752
69568
2176
4356
4360
8728
4368
8744
8752
17520
4384
8776
8784
17584
8800
17616
17632
35296
4416
8840
8848
17712
8864
17744
17760
35552
8896
17808
17824
35680
17856
35744
35776
71616
4480
8968
8976
17968
8992
18000
18016
36064
9024
18064
18080
36192
18112
36256
36288
72640
9088
18192
18208
36448
18240
36512
36544
73152
18304
36640
36672
73408
36736
73536
73600
147328
2304
4612
4616
9240
4624
9256
9264
18544
4640
9288
9296
18608
9312
18640
18656
37344
4672
9352
9360
18736
9376
18768
18784
37600
9408
18832
18848
37728
18880
37792
37824
75712
4736
9480
9488
18992
9504
19024
19040
38112
9536
19088
19104
38240
19136
38304
38336
76736
9600
19216
19232
38496
19264
38560
38592
77248
19328
38688
38720
77504
38784
77632
77696
155520
4864
9736
9744
19504
9760
19536
19552
39136
9792
19600
19616
39264
19648
39328
39360
78784
9856
19728
19744
39520
19776
39584
39616
79296
19840
39712
39744
79552
39808
79680
79744
159616
9984
19984
20000
40032
20032
40096
40128
80320
20096
40224
40256
80576
40320
80704
80768
161664
20224
40480
40512
81088
40576
81216
81280
162688
40704
81472
81536
163200
81664
163456
163584
327424
2560
5124
5128
10264
5136
10280
10288
20592
5152
10312
10320
20656
10336
20688
20704
41440
5184
10376
10384
20784
10400
20816
20832
41696
10432
20880
20896
41824
20928
41888
41920
83904
5248
10504
10512
21040
10528
21072
21088
42208
10560
21136
21152
42336
21184
42400
42432
84928
10624
21264
21280
42592
21312
42656
42688
85440
21376
42784
42816
85696
42880
85824
85888
171904
5376
10760
10768
21552
10784
21584
21600
43232
10816
21648
21664
43360
21696
43424
43456
86976
10880
21776
21792
43616
21824
43680
43712
87488
21888
43808
43840
87744
43904
87872
87936
176000
11008
22032
22048
44128
22080
44192
44224
88512
22144
44320
44352
88768
44416
88896
88960
178048
22272
44576
44608
89280
44672
89408
89472
179072
44800
89664
89728
179584
89856
179840
179968
360192
5632
11272
11280
22576
11296
22608
22624
45280
11328
22672
22688
45408
22720
45472
45504
91072
11392
22800
22816
45664
22848
45728
45760
91584
22912
45856
45888
91840
45952
91968
92032
184192
11520
23056
23072
46176
23104
46240
46272
92608
23168
46368
46400
92864
46464
92992
93056
186240
23296
46624
46656
93376
46720
93504
93568
187264
46848
93760
93824
187776
93952
188032
188160
376576
11776
23568
23584
47200
23616
47264
47296
94656
23680
47392
47424
94912
47488
95040
95104
190336
23808
47648
47680
95424
47744
95552
95616
191360
47872
95808
95872
191872
96000
192128
192256
384768
24064
48160
48192
96448
48256
96576
96640
193408
48384
96832
96896
193920
97024
194176
194304
388864
48640
97344
97408
194944
97536
195200
195328
390912
97792
195712
195840
391936
196096
392448
392704
785920
3072
6148
6152
12312
6160
12328
12336
24688
6176
12360
12368
24752
12384
24784
24800
49632
6208
12424
12432
24880
12448
24912
24928
49888
12480
24976
24992
50016
25024
50080
50112
100288
6272
12552
12560
25136
12576
25168
25184
50400
12608
25232
25248
50528
25280
50592
50624
101312
12672
25360
25376
50784
25408
50848
50880
101824
25472
50976
51008
102080
51072
102208
102272
204672
6400
12808
12816
25648
12832
25680
25696
51424
12864
25744
25760
51552
25792
51616
51648
103360
12928
25872
25888
51808
25920
51872
51904
103872
25984
52000
52032
104128
52096
104256
104320
208768
13056
26128
26144
52320
26176
52384
52416
104896
26240
52512
52544
105152
52608
105280
105344
210816
26368
52768
52800
105664
52864
105792
105856
211840
52992
106048
106112
212352
106240
212608
212736
425728
6656
13320
13328
26672
13344
26704
26720
53472
13376
26768
26784
53600
26816
53664
53696
107456
13440
26896
26912
53856
26944
53920
53952
107968
27008
54048
54080
108224
54144
108352
108416
216960
13568
27152
27168
54368
27200
54432
54464
108992
27264
54560
54592
109248
54656
109376
109440
219008
27392
54816
54848
109760
54912
109888
109952
220032
55040
110144
110208
220544
110336
220800
220928
442112
13824
27664
27680
55392
27712
55456
55488
111040
27776
55584
55616
111296
55680
111424
111488
223104
27904
55840
55872
111808
55936
111936
112000
224128
56064
112192
112256
224640
112384
224896
225024
450304
28160
56352
56384
112832
56448
112960
113024
226176
56576
113216
113280
226688
113408
226944
227072
454400
56832
113728
113792
227712
113920
227968
228096
456448
114176
228480
228608
457472
228864
457984
458240
916992
7168
14344
14352
28720
14368
28752
28768
57568
14400
28816
28832
57696
28864
57760
57792
115648
14464
28944
28960
57952
28992
58016
58048
116160
29056
58144
58176
116416
58240
116544
116608
233344
14592
29200
29216
58464
29248
58528
58560
117184
29312
58656
58688
117440
58752
117568
117632
235392
29440
58912
58944
117952
59008
118080
118144
236416
59136
118336
118400
236928
118528
237184
237312
474880
14848
29712
29728
59488
29760
59552
59584
119232
29824
59680
59712
119488
59776
119616
119680
239488
29952
59936
59968
120000
60032
120128
120192
240512
60160
120384
120448
241024
120576
241280
241408
483072
30208
60448
60480
121024
60544
121152
121216
242560
60672
121408
121472
243072
121600
243328
243456
487168
60928
121920
121984
244096
122112
244352
244480
489216
122368
244864
244992
490240
245248
490752
491008
982528
15360
30736
30752
61536
30784
61600
61632
123328
30848
61728
61760
123584
61824
123712
123776
247680
30976
61984
62016
124096
62080
124224
124288
248704
62208
124480
124544
249216
124672
249472
249600
499456
31232
62496
62528
125120
62592
125248
125312
250752
62720
125504
125568
251264
125696
251520
251648
503552
62976
126016
126080
252288
126208
252544
252672
505600
126464
253056
253184
506624
253440
507136
507392
1015296
31744
63520
63552
127168
63616
127296
127360
254848
63744
127552
127616
255360
127744
255616
255744
511744
64000
128064
128128
256384
128256
256640
256768
513792
128512
257152
257280
514816
257536
515328
515584
1031680
64512
129088
129152
258432
129280
258688
258816
517888
129536
259200
259328
518912
259584
519424
519680
1039872
130048
260224
260352
520960
260608
521472
521728
1043968
261120
522496
522752
1046016
523264
1047040
1047552
2096128
2048
4098
4100
8204
4104
8212
8216
16440
4112
8228
8232
16472
8240
16488
16496
33008
4128
8260
8264
16536
8272
16552
16560
33136
8288
16584
16592
33200
16608
33232
33248
66528
4160
8324
8328
16664
8336
16680
16688
33392
8352
16712
16720
33456
16736
33488
33504
67040
8384
16776
16784
33584
16800
33616
33632
67296
16832
33680
33696
67424
33728
67488
67520
135104
4224
8452
8456
16920
8464
16936
16944
33904
8480
16968
16976
33968
16992
34000
34016
68064
8512
17032
17040
34096
17056
34128
34144
68320
17088
34192
34208
68448
34240
68512
68544
137152
8576
17160
17168
34352
17184
34384
34400
68832
17216
34448
34464
68960
34496
69024
69056
138176
17280
34576
34592
69216
34624
69280
69312
138688
34688
69408
69440
138944
69504
139072
139136
278400
4352
8708
8712
17432
8720
17448
17456
34928
8736
17480
17488
34992
17504
35024
35040
70112
8768
17544
17552
35120
17568
35152
35168
70368
17600
35216
35232
70496
35264
70560
70592
141248
8832
17672
17680
35376
17696
35408
35424
70880
17728
35472
35488
71008
35520
71072
71104
142272
17792
35600
35616
71264
35648
71328
71360
142784
35712
71456
71488
143040
71552
143168
143232
286592
8960
17928
17936
35888
17952
35920
35936
71904
17984
35984
36000
72032
36032
72096
72128
144320
18048
36112
36128
72288
36160
72352
72384
144832
36224
72480
72512
145088
72576
145216
145280
290688
18176
36368
36384
72800
36416
72864
72896
145856
36480
72992
73024
146112
73088
146240
146304
292736
36608
73248
73280
146624
73344
146752
146816
293760
73472
147008
147072
294272
147200
294528
294656
589568
4608
9220
9224
18456
9232
18472
18480
36976
9248
18504
18512
37040
18528
37072
37088
74208
9280
18568
18576
37168
18592
37200
37216
74464
18624
37264
37280
74592
37312
74656
74688
149440
9344
18696
18704
37424
18720
37456
37472
74976
18752
37520
37536
75104
37568
75168
75200
150464
18816
37648
37664
75360
37696
75424
75456
150976
37760
75552
75584
151232
75648
151360
151424
302976
9472
18952
18960
37936
18976
37968
37984
76000
19008
38032
38048
76128
38080
76192
76224
152512
19072
38160
38176
76384
38208
76448
76480
153024
38272
76576
76608
153280
76672
153408
153472
307072
19200
38416
38432
76896
38464
76960
76992
154048
38528
77088
77120
154304
77184
154432
154496
309120
38656
77344
77376
154816
77440
154944
155008
310144
77568
155200
155264
310656
155392
310912
311040
622336
9728
19464
19472
38960
19488
38992
39008
78048
19520
39056
39072
78176
39104
78240
78272
156608
19584
39184
39200
78432
39232
78496
78528
157120
39296
78624
78656
157376
78720
157504
157568
315264
19712
39440
39456
78944
39488
79008
79040
158144
39552
79136
79168
158400
79232
158528
158592
317312
39680
79392
79424
158912
79488
159040
159104
318336
79616
159296
159360
318848
159488
319104
319232
638720
19968
39952
39968
79968
40000
80032
80064
160192
40064
80160
80192
160448
80256
160576
160640
321408
40192
80416
80448
160960
80512
161088
161152
322432
80640
161344
161408
322944
161536
323200
323328
646912
40448
80928
80960
161984
81024
162112
162176
324480
81152
162368
162432
324992
162560
325248
325376
651008
81408
162880
162944
326016
163072
326272
326400
653056
163328
326784
326912
654080
327168
654592
654848
1310208
5120
10244
10248
20504
10256
20520
20528
41072
10272
20552
20560
41136
20576
41168
41184
82400
10304
20616
20624
41264
20640
41296
41312
82656
20672
41360
41376
82784
41408
82848
82880
165824
10368
20744
20752
41520
20768
41552
41568
83168
20800
41616
41632
83296
41664
83360
83392
166848
20864
41744
41760
83552
41792
83616
83648
167360
41856
83744
83776
167616
83840
167744
167808
335744
10496
21000
21008
42032
21024
42064
42080
84192
21056
42128
42144
84320
42176
84384
84416
168896
21120
42256
42272
84576
42304
84640
84672
169408
42368
84768
84800
169664
84864
169792
169856
339840
21248
42512
42528
85088
42560
85152
85184
170432
42624
85280
85312
170688
85376
170816
170880
341888
42752
85536
85568
171200
85632
171328
171392
342912
85760
171584
171648
343424
171776
343680
343808
687872
10752
21512
21520
43056
21536
43088
43104
86240
21568
43152
43168
86368
43200
86432
86464
172992
21632
43280
43296
86624
43328
86688
86720
173504
43392
86816
86848
173760
86912
173888
173952
348032
21760
43536
43552
87136
43584
87200
87232
174528
43648
87328
87360
174784
87424
174912
174976
350080
43776
87584
87616
175296
87680
175424
175488
351104
87808
175680
175744
351616
175872
351872
352000
704256
22016
44048
44064
88160
44096
88224
88256
176576
44160
88352
88384
176832
88448
176960
177024
354176
44288
88608
88640
177344
88704
177472
177536
355200
88832
177728
177792
355712
177920
355968
356096
712448
44544
89120
89152
178368
89216
178496
178560
357248
89344
178752
178816
357760
178944
358016
358144
716544
89600
179264
179328
358784
179456
359040
359168
718592
179712
359552
359680
719616
359936
720128
720384
1441280
11264
22536
22544
45104
22560
45136
45152
90336
22592
45200
45216
90464
45248
90528
90560
181184
22656
45328
45344
90720
45376
90784
90816
181696
45440
90912
90944
181952
91008
182080
182144
364416
22784
45584
45600
91232
45632
91296
91328
182720
45696
91424
91456
182976
91520
183104
183168
366464
45824
91680
91712
183488
91776
183616
183680
367488
91904
183872
183936
368000
184064
368256
368384
737024
23040
46096
46112
92256
46144
92320
92352
184768
46208
92448
92480
185024
92544
185152
185216
370560
46336
92704
92736
185536
92800
185664
185728
371584
92928
185920
185984
372096
186112
372352
372480
745216
46592
93216
93248
186560
93312
186688
186752
373632
93440
186944
187008
374144
187136
374400
374528
749312
93696
187456
187520
375168
187648
375424
375552
751360
187904
375936
376064
752384
376320
752896
753152
1506816
23552
47120
47136
94304
47168
94368
94400
188864
47232
94496
94528
189120
94592
189248
189312
378752
47360
94752
94784
189632
94848
189760
189824
379776
94976
190016
190080
380288
190208
380544
380672
761600
47616
95264
95296
190656
95360
190784
190848
381824
95488
191040
191104
382336
191232
382592
382720
765696
95744
191552
191616
383360
191744
383616
383744
767744
192000
384128
384256
768768
384512
769280
769536
1539584
48128
96288
96320
192704
96384
192832
192896
385920
96512
193088
193152
386432
193280
386688
386816
773888
96768
193600
193664
387456
193792
387712
387840
775936
194048
388224
388352
776960
388608
777472
777728
1555968
97280
194624
194688
389504
194816
389760
389888
780032
195072
390272
390400
781056
390656
781568
781824
1564160
195584
391296
391424
783104
391680
783616
783872
1568256
392192
784640
784896
1570304
785408
1571328
1571840
3144704
6144
12292
12296
24600
12304
24616
24624
49264
12320
24648
24656
49328
24672
49360
49376
98784
12352
24712
24720
49456
24736
49488
49504
99040
24768
49552
49568
99168
49600
99232
99264
198592
12416
24840
24848
49712
24864
49744
49760
99552
24896
49808
49824
99680
49856
99744
99776
199616
24960
49936
49952
99936
49984
100000
100032
200128
50048
100128
100160
200384
100224
200512
200576
401280
12544
25096
25104
50224
25120
50256
50272
100576
25152
50320
50336
100704
50368
100768
100800
201664
25216
50448
50464
100960
50496
101024
101056
202176
50560
101152
101184
202432
101248
202560
202624
405376
25344
50704
50720
101472
50752
101536
101568
203200
50816
101664
101696
203456
101760
203584
203648
407424
50944
101920
101952
203968
102016
204096
204160
408448
102144
204352
204416
408960
204544
409216
409344
818944
12800
25608
25616
51248
25632
51280
51296
102624
25664
51344
51360
102752
51392
102816
102848
205760
25728
51472
51488
103008
51520
103072
103104
206272
51584
103200
103232
206528
103296
206656
206720
413568
25856
51728
51744
103520
51776
103584
103616
207296
51840
103712
103744
207552
103808
207680
207744
415616
51968
103968
104000
208064
104064
208192
208256
416640
104192
208448
208512
417152
208640
417408
417536
835328
26112
52240
52256
104544
52288
104608
104640
209344
52352
104736
104768
209600
104832
209728
209792
419712
52480
104992
105024
210112
105088
210240
210304
420736
105216
210496
210560
421248
210688
421504
421632
843520
52736
105504
105536
211136
105600
211264
211328
422784
105728
211520
211584
423296
211712
423552
423680
847616
105984
212032
212096
424320
212224
424576
424704
849664
212480
425088
425216
850688
425472
851200
851456
1703424
13312
26632
26640
53296
26656
53328
53344
106720
26688
53392
53408
106848
53440
106912
106944
213952
26752
53520
53536
107104
53568
107168
107200
214464
53632
107296
107328
214720
107392
214848
214912
429952
26880
53776
53792
107616
53824
107680
107712
215488
53888
107808
107840
215744
107904
215872
215936
432000
54016
108064
108096
216256
108160
216384
216448
433024
108288
216640
216704
433536
216832
433792
433920
868096
27136
54288
54304
108640
54336
108704
108736
217536
54400
108832
108864
217792
108928
217920
217984
436096
54528
109088
109120
218304
109184
218432
218496
437120
109312
218688
218752
437632
218880
437888
438016
876288
54784
109600
109632
219328
109696
219456
219520
439168
109824
219712
219776
439680
219904
439936
440064
880384
110080
220224
220288
440704
220416
440960
441088
882432
220672
441472
441600
883456
441856
883968
884224
1768960
27648
55312
55328
110688
55360
110752
110784
221632
55424
110880
110912
221888
110976
222016
222080
444288
55552
111136
111168
222400
111232
222528
222592
445312
111360
222784
222848
445824
222976
446080
446208
892672
55808
111648
111680
223424
111744
223552
223616
447360
111872
223808
223872
447872
224000
448128
448256
896768
112128
224320
224384
448896
224512
449152
449280
898816
224768
449664
449792
899840
450048
900352
900608
1801728
56320
112672
112704
225472
112768
225600
225664
451456
112896
225856
225920
451968
226048
452224
452352
904960
113152
226368
226432
452992
226560
453248
453376
907008
226816
453760
453888
908032
454144
908544
908800
1818112
113664
227392
227456
455040
227584
455296
455424
911104
227840
455808
455936
912128
456192
912640
912896
1826304
228352
456832
456960
914176
457216
914688
914944
1830400
457728
915712
915968
1832448
916480
1833472
1833984
3668992
14336
28680
28688
57392
28704
57424
57440
114912
28736
57488
57504
115040
57536
115104
115136
230336
28800
57616
57632
115296
57664
115360
115392
230848
57728
115488
115520
231104
115584
231232
231296
462720
28928
57872
57888
115808
57920
115872
115904
231872
57984
116000
116032
232128
116096
232256
232320
464768
58112
116256
116288
232640
116352
232768
232832
465792
116480
233024
233088
466304
233216
466560
466688
933632
29184
58384
58400
116832
58432
116896
116928
233920
58496
117024
117056
234176
117120
234304
234368
468864
58624
117280
117312
234688
117376
234816
234880
469888
117504
235072
235136
470400
235264
470656
470784
941824
58880
117792
117824
235712
117888
235840
235904
471936
118016
236096
236160
472448
236288
472704
472832
945920
118272
236608
236672
473472
236800
473728
473856
947968
237056
474240
474368
948992
474624
949504
949760
1900032
29696
59408
59424
118880
59456
118944
118976
238016
59520
119072
119104
238272
119168
238400
238464
477056
59648
119328
119360
238784
119424
238912
238976
478080
119552
239168
239232
478592
239360
478848
478976
958208
59904
119840
119872
239808
119936
239936
240000
480128
120064
240192
240256
480640
240384
480896
481024
962304
120320
240704
240768
481664
240896
481920
482048
964352
241152
482432
482560
965376
482816
965888
966144
1932800
60416
120864
120896
241856
120960
241984
242048
484224
121088
242240
242304
484736
242432
484992
485120
970496
121344
242752
242816
485760
242944
486016
486144
972544
243200
486528
486656
973568
486912
974080
974336
1949184
121856
243776
243840
487808
243968
488064
488192
976640
244224
488576
488704
977664
488960
978176
978432
1957376
244736
489600
489728
979712
489984
980224
980480
1961472
490496
981248
981504
1963520
982016
1964544
1965056
3931136
30720
61456
61472
122976
61504
123040
123072
246208
61568
123168
123200
246464
123264
246592
246656
493440
61696
123424
123456
246976
123520
247104
247168
494464
123648
247360
247424
494976
247552
495232
495360
990976
61952
123936
123968
248000
124032
248128
248192
496512
124160
248384
248448
497024
248576
497280
497408
995072
124416
248896
248960
498048
249088
498304
498432
997120
249344
498816
498944
998144
499200
998656
998912
1998336
62464
124960
124992
250048
125056
250176
250240
500608
125184
250432
250496
501120
250624
501376
501504
1003264
125440
250944
251008
502144
251136
502400
502528
1005312
251392
502912
503040
1006336
503296
1006848
1007104
2014720
125952
251968
252032
504192
252160
504448
504576
1009408
252416
504960
505088
1010432
505344
1010944
1011200
2022912
252928
505984
506112
1012480
506368
1012992
1013248
2027008
506880
1014016
1014272
2029056
1014784
2030080
2030592
4062208
63488
127008
127040
254144
127104
254272
254336
508800
127232
254528
254592
509312
254720
509568
509696
1019648
127488
255040
255104
510336
255232
510592
510720
1021696
255488
511104
511232
1022720
511488
1023232
1023488
2047488
128000
256064
256128
512384
256256
512640
512768
1025792
256512
513152
513280
1026816
513536
1027328
1027584
2055680
257024
514176
514304
1028864
514560
1029376
1029632
2059776
515072
1030400
1030656
2061824
1031168
2062848
2063360
4127744
129024
258112
258176
516480
258304
516736
516864
1033984
258560
517248
517376
1035008
517632
1035520
1035776
2072064
259072
518272
518400
1037056
518656
1037568
1037824
2076160
519168
1038592
1038848
2078208
1039360
2079232
2079744
4160512
260096
520320
520448
1041152
520704
1041664
1041920
2084352
521216
1042688
1042944
2086400
1043456
2087424
2087936
4176896
522240
1044736
1044992
2090496
1045504
2091520
2092032
4185088
1046528
2093568
2094080
4189184
2095104
4191232
4192256
8386560
