0;0;0;0: 1 (0)
0;0;0;1: 4 (1)
0;0;0;1: 4 (1)
0;0;1;3: 6 (4)
0;1;2;4: 7 (7)
0;1;2;4: 7 (7)
0;1;2;4: 7 (7)
0;1;2;4: 7 (7)
0;1;2;4: 7 (7)
0;1;4;9: 8 (14)
0;1;4;9: 8 (14)
0;2;5;11: 9 (18)
0;2;5;11: 9 (18)
0;2;6;13: 10 (21)
0;2;6;13: 10 (21)
0;2;6;13: 10 (21)
0;2;6;13: 10 (21)
0;2;6;13: 10 (21)
0;2;6;13: 10 (21)
0;2;6;13: 10 (21)
0;2;6;13: 10 (21)
0;2;6;13: 10 (21)
0;2;6;13: 10 (21)
0;2;6;13: 10 (21)
0;2;6;13: 10 (21)
0;2;6;13: 10 (21)
0;2;6;13: 10 (21)
0;2;6;13: 10 (21)
0;2;6;13: 10 (21)
0;2;6;13: 10 (21)
0;2;6;13: 10 (21)
0;5;14;31: 11 (50)
0;5;14;31: 11 (50)
0;5;14;31: 11 (50)
0;5;14;31: 11 (50)
0;5;14;31: 11 (50)
0;5;14;31: 11 (50)
0;6;17;37: 12 (60)
0;6;17;37: 12 (60)
0;6;17;37: 12 (60)
0;6;17;37: 12 (60)
0;6;17;37: 12 (60)
0;6;17;37: 12 (60)
0;6;17;37: 12 (60)
0;7;20;44: 13 (71)
0;7;20;44: 13 (71)
0;7;20;44: 13 (71)
0;7;20;44: 13 (71)
0;7;20;44: 13 (71)
0;7;20;44: 13 (71)
0;7;20;44: 13 (71)
0;7;20;44: 13 (71)
0;7;20;44: 13 (71)
0;7;20;44: 13 (71)
0;7;20;44: 13 (71)
0;7;20;44: 13 (71)
0;7;20;44: 13 (71)
0;7;20;44: 13 (71)
0;7;20;44: 13 (71)
