0
1
2
6
4
10
12
35
8
18
20
55
24
65
70
240
16
34
36
95
40
105
110
368
48
125
130
432
140
464
480
2015
32
66
68
175
72
185
190
624
80
205
210
688
220
720
736
3055
96
245
250
816
260
848
864
3575
280
912
928
3835
960
3965
4030
20538
64
130
132
335
136
345
350
1136
144
365
370
1200
380
1232
1248
5135
160
405
410
1328
420
1360
1376
5655
440
1424
1440
5915
1472
6045
6110
30970
192
485
490
1584
500
1616
1632
6695
520
1680
1696
6955
1728
7085
7150
36186
560
1808
1824
7475
1856
7605
7670
38794
1920
7865
7930
40098
8060
40750
41076
248539
128
258
260
655
264
665
670
2160
272
685
690
2224
700
2256
2272
9295
288
725
730
2352
740
2384
2400
9815
760
2448
2464
10075
2496
10205
10270
51834
320
805
810
2608
820
2640
2656
10855
840
2704
2720
11115
2752
11245
11310
57050
880
2832
2848
11635
2880
11765
11830
59658
2944
12025
12090
60962
12220
61614
61940
373787
384
965
970
3120
980
3152
3168
12935
1000
3216
3232
13195
3264
13325
13390
67482
1040
3344
3360
13715
3392
13845
13910
70090
3456
14105
14170
71394
14300
72046
72372
436411
1120
3600
3616
14755
3648
14885
14950
75306
3712
15145
15210
76610
15340
77262
77588
467723
3840
15665
15730
79218
15860
79870
80196
483379
16120
81174
81500
491207
82152
495121
497078
3493500
256
514
516
1295
520
1305
1310
4208
528
1325
1330
4272
1340
4304
4320
17615
544
1365
1370
4400
1380
4432
4448
18135
1400
4496
4512
18395
4544
18525
18590
93562
576
1445
1450
4656
1460
4688
4704
19175
1480
4752
4768
19435
4800
19565
19630
98778
1520
4880
4896
19955
4928
20085
20150
101386
4992
20345
20410
102690
20540
103342
103668
624283
640
1605
1610
5168
1620
5200
5216
21255
1640
5264
5280
21515
5312
21645
21710
109210
1680
5392
5408
22035
5440
22165
22230
111818
5504
22425
22490
113122
22620
113774
114100
686907
1760
5648
5664
23075
5696
23205
23270
117034
5760
23465
23530
118338
23660
118990
119316
718219
5888
23985
24050
120946
24180
121598
121924
733875
24440
122902
123228
741703
123880
745617
747574
5247100
768
1925
1930
6192
1940
6224
6240
25415
1960
6288
6304
25675
6336
25805
25870
130074
2000
6416
6432
26195
6464
26325
26390
132682
6528
26585
26650
133986
26780
134638
134964
812155
2080
6672
6688
27235
6720
27365
27430
137898
6784
27625
27690
139202
27820
139854
140180
843467
6912
28145
28210
141810
28340
142462
142788
859123
28600
143766
144092
866951
144744
870865
872822
6123900
2240
7184
7200
29315
7232
29445
29510
148330
7296
29705
29770
149634
29900
150286
150612
906091
7424
30225
30290
152242
30420
152894
153220
921747
30680
154198
154524
929575
155176
933489
935446
6562300
7680
31265
31330
157458
31460
158110
158436
953059
31720
159414
159740
960887
160392
964801
966758
6781500
32240
162022
162348
976543
163000
980457
982414
6891100
164304
988285
990242
6945900
994156
6973300
6987000
56006111
512
1026
1028
2575
1032
2585
2590
8304
1040
2605
2610
8368
2620
8400
8416
34255
1056
2645
2650
8496
2660
8528
8544
34775
2680
8592
8608
35035
8640
35165
35230
177018
1088
2725
2730
8752
2740
8784
8800
35815
2760
8848
8864
36075
8896
36205
36270
182234
2800
8976
8992
36595
9024
36725
36790
184842
9088
36985
37050
186146
37180
186798
187124
1125275
1152
2885
2890
9264
2900
9296
9312
37895
2920
9360
9376
38155
9408
38285
38350
192666
2960
9488
9504
38675
9536
38805
38870
195274
9600
39065
39130
196578
39260
197230
197556
1187899
3040
9744
9760
39715
9792
39845
39910
200490
9856
40105
40170
201794
40300
202446
202772
1219211
9984
40625
40690
204402
40820
205054
205380
1234867
41080
206358
206684
1242695
207336
1246609
1248566
8754300
1280
3205
3210
10288
3220
10320
10336
42055
3240
10384
10400
42315
10432
42445
42510
213530
3280
10512
10528
42835
10560
42965
43030
216138
10624
43225
43290
217442
43420
218094
218420
1313147
3360
10768
10784
43875
10816
44005
44070
221354
10880
44265
44330
222658
44460
223310
223636
1344459
11008
44785
44850
225266
44980
225918
226244
1360115
45240
227222
227548
1367943
228200
1371857
1373814
9631100
3520
11280
11296
45955
11328
46085
46150
231786
11392
46345
46410
233090
46540
233742
234068
1407083
11520
46865
46930
235698
47060
236350
236676
1422739
47320
237654
237980
1430567
238632
1434481
1436438
10069500
11776
47905
47970
240914
48100
241566
241892
1454051
48360
242870
243196
1461879
243848
1465793
1467750
10288700
48880
245478
245804
1477535
246456
1481449
1483406
10398300
247760
1489277
1491234
10453100
1495148
10480500
10494200
84063967
1536
3845
3850
12336
3860
12368
12384
50375
3880
12432
12448
50635
12480
50765
50830
255258
3920
12560
12576
51155
12608
51285
51350
257866
12672
51545
51610
259170
51740
259822
260148
1563643
4000
12816
12832
52195
12864
52325
52390
263082
12928
52585
52650
264386
52780
265038
265364
1594955
13056
53105
53170
266994
53300
267646
267972
1610611
53560
268950
269276
1618439
269928
1622353
1624310
11384700
4160
13328
13344
54275
13376
54405
54470
273514
13440
54665
54730
274818
54860
275470
275796
1657579
13568
55185
55250
277426
55380
278078
278404
1673235
55640
279382
279708
1681063
280360
1684977
1686934
11823100
13824
56225
56290
282642
56420
283294
283620
1704547
56680
284598
284924
1712375
285576
1716289
1718246
12042300
57200
287206
287532
1728031
288184
1731945
1733902
12151900
289488
1739773
1741730
12206700
1745644
12234100
12247800
98092895
4480
14352
14368
58435
14400
58565
58630
294378
14464
58825
58890
295682
59020
296334
296660
1782827
14592
59345
59410
298290
59540
298942
299268
1798483
59800
300246
300572
1806311
301224
1810225
1812182
12699900
14848
60385
60450
303506
60580
304158
304484
1829795
60840
305462
305788
1837623
306440
1841537
1843494
12919100
61360
308070
308396
1853279
309048
1857193
1859150
13028700
310352
1865021
1866978
13083500
1870892
13110900
13124600
105107359
15360
62465
62530
313938
62660
314590
314916
1892419
62920
315894
316220
1900247
316872
1904161
1906118
13357500
63440
318502
318828
1915903
319480
1919817
1921774
13467100
320784
1927645
1929602
13521900
1933516
13549300
13563000
108614591
64480
323718
324044
1947215
324696
1951129
1953086
13686300
326000
1958957
1960914
13741100
1964828
13768500
13782200
110368207
328608
1974613
1976570
13850700
1980484
13878100
13891800
111245015
1988312
13932900
13946600
111683419
13974000
111902621
112012222
1009097430
1024
2050
2052
5135
2056
5145
5150
16496
2064
5165
5170
16560
5180
16592
16608
67535
2080
5205
5210
16688
5220
16720
16736
68055
5240
16784
16800
68315
16832
68445
68510
343930
2112
5285
5290
16944
5300
16976
16992
69095
5320
17040
17056
69355
17088
69485
69550
349146
5360
17168
17184
69875
17216
70005
70070
351754
17280
70265
70330
353058
70460
353710
354036
2127259
2176
5445
5450
17456
5460
17488
17504
71175
5480
17552
17568
71435
17600
71565
71630
359578
5520
17680
17696
71955
17728
72085
72150
362186
17792
72345
72410
363490
72540
364142
364468
2189883
5600
17936
17952
72995
17984
73125
73190
367402
18048
73385
73450
368706
73580
369358
369684
2221195
18176
73905
73970
371314
74100
371966
372292
2236851
74360
373270
373596
2244679
374248
2248593
2250550
15768700
2304
5765
5770
18480
5780
18512
18528
75335
5800
18576
18592
75595
18624
75725
75790
380442
5840
18704
18720
76115
18752
76245
76310
383050
18816
76505
76570
384354
76700
385006
385332
2315131
5920
18960
18976
77155
19008
77285
77350
388266
19072
77545
77610
389570
77740
390222
390548
2346443
19200
78065
78130
392178
78260
392830
393156
2362099
78520
394134
394460
2369927
395112
2373841
2375798
16645500
6080
19472
19488
79235
19520
79365
79430
398698
19584
79625
79690
400002
79820
400654
400980
2409067
19712
80145
80210
402610
80340
403262
403588
2424723
80600
404566
404892
2432551
405544
2436465
2438422
17083900
19968
81185
81250
407826
81380
408478
408804
2456035
81640
409782
410108
2463863
410760
2467777
2469734
17303100
82160
412390
412716
2479519
413368
2483433
2485390
17412700
414672
2491261
2493218
17467500
2497132
17494900
17508600
140179679
2560
6405
6410
20528
6420
20560
20576
83655
6440
20624
20640
83915
20672
84045
84110
422170
6480
20752
20768
84435
20800
84565
84630
424778
20864
84825
84890
426082
85020
426734
427060
2565627
6560
21008
21024
85475
21056
85605
85670
429994
21120
85865
85930
431298
86060
431950
432276
2596939
21248
86385
86450
433906
86580
434558
434884
2612595
86840
435862
436188
2620423
436840
2624337
2626294
18399100
6720
21520
21536
87555
21568
87685
87750
440426
21632
87945
88010
441730
88140
442382
442708
2659563
21760
88465
88530
444338
88660
444990
445316
2675219
88920
446294
446620
2683047
447272
2686961
2688918
18837500
22016
89505
89570
449554
89700
450206
450532
2706531
89960
451510
451836
2714359
452488
2718273
2720230
19056700
90480
454118
454444
2730015
455096
2733929
2735886
19166300
456400
2741757
2743714
19221100
2747628
19248500
19262200
154208607
7040
22544
22560
91715
22592
91845
91910
461290
22656
92105
92170
462594
92300
463246
463572
2784811
22784
92625
92690
465202
92820
465854
466180
2800467
93080
467158
467484
2808295
468136
2812209
2814166
19714300
23040
93665
93730
470418
93860
471070
471396
2831779
94120
472374
472700
2839607
473352
2843521
2845478
19933500
94640
474982
475308
2855263
475960
2859177
2861134
20043100
477264
2867005
2868962
20097900
2872876
20125300
20139000
161223071
23552
95745
95810
480850
95940
481502
481828
2894403
96200
482806
483132
2902231
483784
2906145
2908102
20371900
96720
485414
485740
2917887
486392
2921801
2923758
20481500
487696
2929629
2931586
20536300
2935500
20563700
20577400
164730303
97760
490630
490956
2949199
491608
2953113
2955070
20700700
492912
2960941
2962898
20755500
2966812
20782900
20796600
166483919
495520
2976597
2978554
20865100
2982468
20892500
20906200
167360727
2990296
20947300
20961000
167799131
20988400
168018333
168127934
1514139350
3072
7685
7690
24624
7700
24656
24672
100295
7720
24720
24736
100555
24768
100685
100750
505626
7760
24848
24864
101075
24896
101205
101270
508234
24960
101465
101530
509538
101660
510190
510516
3066619
7840
25104
25120
102115
25152
102245
102310
513450
25216
102505
102570
514754
102700
515406
515732
3097931
25344
103025
103090
517362
103220
518014
518340
3113587
103480
519318
519644
3121415
520296
3125329
3127286
21906300
8000
25616
25632
104195
25664
104325
104390
523882
25728
104585
104650
525186
104780
525838
526164
3160555
25856
105105
105170
527794
105300
528446
528772
3176211
105560
529750
530076
3184039
530728
3187953
3189910
22344700
26112
106145
106210
533010
106340
533662
533988
3207523
106600
534966
535292
3215351
535944
3219265
3221222
22563900
107120
537574
537900
3231007
538552
3234921
3236878
22673500
539856
3242749
3244706
22728300
3248620
22755700
22769400
182266463
8320
26640
26656
108355
26688
108485
108550
544746
26752
108745
108810
546050
108940
546702
547028
3285803
26880
109265
109330
548658
109460
549310
549636
3301459
109720
550614
550940
3309287
551592
3313201
3315158
23221500
27136
110305
110370
553874
110500
554526
554852
3332771
110760
555830
556156
3340599
556808
3344513
3346470
23440700
111280
558438
558764
3356255
559416
3360169
3362126
23550300
560720
3367997
3369954
23605100
3373868
23632500
23646200
189280927
27648
112385
112450
564306
112580
564958
565284
3395395
112840
566262
566588
3403223
567240
3407137
3409094
23879100
113360
568870
569196
3418879
569848
3422793
3424750
23988700
571152
3430621
3432578
24043500
3436492
24070900
24084600
192788159
114400
574086
574412
3450191
575064
3454105
3456062
24207900
576368
3461933
3463890
24262700
3467804
24290100
24303800
194541775
578976
3477589
3479546
24372300
3483460
24399700
24413400
195418583
3491288
24454500
24468200
195856987
24495600
196076189
196185790
1766660310
8960
28688
28704
116675
28736
116805
116870
586474
28800
117065
117130
587778
117260
588430
588756
3536299
28928
117585
117650
590386
117780
591038
591364
3551955
118040
592342
592668
3559783
593320
3563697
3565654
24975100
29184
118625
118690
595602
118820
596254
596580
3583267
119080
597558
597884
3591095
598536
3595009
3596966
25194300
119600
600166
600492
3606751
601144
3610665
3612622
25303900
602448
3618493
3620450
25358700
3624364
25386100
25399800
203309855
29696
120705
120770
606034
120900
606686
607012
3645891
121160
607990
608316
3653719
608968
3657633
3659590
25632700
121680
610598
610924
3669375
611576
3673289
3675246
25742300
612880
3681117
3683074
25797100
3686988
25824500
25838200
206817087
122720
615814
616140
3700687
616792
3704601
3706558
25961500
618096
3712429
3714386
26016300
3718300
26043700
26057400
208570703
620704
3728085
3730042
26125900
3733956
26153300
26167000
209447511
3741784
26208100
26221800
209885915
26249200
210105117
210214718
1892920790
30720
124865
124930
626898
125060
627550
627876
3771139
125320
628854
629180
3778967
629832
3782881
3784838
26509500
125840
631462
631788
3794623
632440
3798537
3800494
26619100
633744
3806365
3808322
26673900
3812236
26701300
26715000
213831551
126880
636678
637004
3825935
637656
3829849
3831806
26838300
638960
3837677
3839634
26893100
3843548
26920500
26934200
215585167
641568
3853333
3855290
27002700
3859204
27030100
27043800
216461975
3867032
27084900
27098600
216900379
27126000
217119581
217229182
1956051030
128960
647110
647436
3888559
648088
3892473
3894430
27276700
649392
3900301
3902258
27331500
3906172
27358900
27372600
219092399
652000
3915957
3917914
27441100
3921828
27468500
27482200
219969207
3929656
27523300
27537000
220407611
27564400
220626813
220736414
1987616150
657216
3947269
3949226
27660300
3953140
27687700
27701400
221722823
3960968
27742500
27756200
222161227
27783600
222380429
222490030
2003398710
3976624
27852100
27865800
223038035
27893200
223257237
223366838
2011289990
27948000
223695641
223805242
2015235630
224024444
2017208450
2018194860
-1283021733
2048
4098
4100
10255
4104
10265
10270
32880
4112
10285
10290
32944
10300
32976
32992
134095
4128
10325
10330
33072
10340
33104
33120
134615
10360
33168
33184
134875
33216
135005
135070
677754
4160
10405
10410
33328
10420
33360
33376
135655
10440
33424
33440
135915
33472
136045
136110
682970
10480
33552
33568
136435
33600
136565
136630
685578
33664
136825
136890
686882
137020
687534
687860
4131227
4224
10565
10570
33840
10580
33872
33888
137735
10600
33936
33952
137995
33984
138125
138190
693402
10640
34064
34080
138515
34112
138645
138710
696010
34176
138905
138970
697314
139100
697966
698292
4193851
10720
34320
34336
139555
34368
139685
139750
701226
34432
139945
140010
702530
140140
703182
703508
4225163
34560
140465
140530
705138
140660
705790
706116
4240819
140920
707094
707420
4248647
708072
4252561
4254518
29797500
4352
10885
10890
34864
10900
34896
34912
141895
10920
34960
34976
142155
35008
142285
142350
714266
10960
35088
35104
142675
35136
142805
142870
716874
35200
143065
143130
718178
143260
718830
719156
4319099
11040
35344
35360
143715
35392
143845
143910
722090
35456
144105
144170
723394
144300
724046
724372
4350411
35584
144625
144690
726002
144820
726654
726980
4366067
145080
727958
728284
4373895
728936
4377809
4379766
30674300
11200
35856
35872
145795
35904
145925
145990
732522
35968
146185
146250
733826
146380
734478
734804
4413035
36096
146705
146770
736434
146900
737086
737412
4428691
147160
738390
738716
4436519
739368
4440433
4442390
31112700
36352
147745
147810
741650
147940
742302
742628
4460003
148200
743606
743932
4467831
744584
4471745
4473702
31331900
148720
746214
746540
4483487
747192
4487401
4489358
31441500
748496
4495229
4497186
31496300
4501100
31523700
31537400
252411103
4608
11525
11530
36912
11540
36944
36960
150215
11560
37008
37024
150475
37056
150605
150670
755994
11600
37136
37152
150995
37184
151125
151190
758602
37248
151385
151450
759906
151580
760558
760884
4569595
11680
37392
37408
152035
37440
152165
152230
763818
37504
152425
152490
765122
152620
765774
766100
4600907
37632
152945
153010
767730
153140
768382
768708
4616563
153400
769686
770012
4624391
770664
4628305
4630262
32427900
11840
37904
37920
154115
37952
154245
154310
774250
38016
154505
154570
775554
154700
776206
776532
4663531
38144
155025
155090
778162
155220
778814
779140
4679187
155480
780118
780444
4687015
781096
4690929
4692886
32866300
38400
156065
156130
783378
156260
784030
784356
4710499
156520
785334
785660
4718327
786312
4722241
4724198
33085500
157040
787942
788268
4733983
788920
4737897
4739854
33195100
790224
4745725
4747682
33249900
4751596
33277300
33291000
266440031
12160
38928
38944
158275
38976
158405
158470
795114
39040
158665
158730
796418
158860
797070
797396
4788779
39168
159185
159250
799026
159380
799678
800004
4804435
159640
800982
801308
4812263
801960
4816177
4818134
33743100
39424
160225
160290
804242
160420
804894
805220
4835747
160680
806198
806524
4843575
807176
4847489
4849446
33962300
161200
808806
809132
4859231
809784
4863145
4865102
34071900
811088
4870973
4872930
34126700
4876844
34154100
34167800
273454495
39936
162305
162370
814674
162500
815326
815652
4898371
162760
816630
816956
4906199
817608
4910113
4912070
34400700
163280
819238
819564
4921855
820216
4925769
4927726
34510300
821520
4933597
4935554
34565100
4939468
34592500
34606200
276961727
164320
824454
824780
4953167
825432
4957081
4959038
34729500
826736
4964909
4966866
34784300
4970780
34811700
34825400
278715343
829344
4980565
4982522
34893900
4986436
34921300
34935000
279592151
4994264
34976100
34989800
280030555
35017200
280249757
280359358
-1770744106
5120
12805
12810
41008
12820
41040
41056
166855
12840
41104
41120
167115
41152
167245
167310
839450
12880
41232
41248
167635
41280
167765
167830
842058
41344
168025
168090
843362
168220
844014
844340
5070587
12960
41488
41504
168675
41536
168805
168870
847274
41600
169065
169130
848578
169260
849230
849556
5101899
41728
169585
169650
851186
169780
851838
852164
5117555
170040
853142
853468
5125383
854120
5129297
5131254
35935100
13120
42000
42016
170755
42048
170885
170950
857706
42112
171145
171210
859010
171340
859662
859988
5164523
42240
171665
171730
861618
171860
862270
862596
5180179
172120
863574
863900
5188007
864552
5191921
5193878
36373500
42496
172705
172770
866834
172900
867486
867812
5211491
173160
868790
869116
5219319
869768
5223233
5225190
36592700
173680
871398
871724
5234975
872376
5238889
5240846
36702300
873680
5246717
5248674
36757100
5252588
36784500
36798200
294497887
13440
43024
43040
174915
43072
175045
175110
878570
43136
175305
175370
879874
175500
880526
880852
5289771
43264
175825
175890
882482
176020
883134
883460
5305427
176280
884438
884764
5313255
885416
5317169
5319126
37250300
43520
176865
176930
887698
177060
888350
888676
5336739
177320
889654
889980
5344567
890632
5348481
5350438
37469500
177840
892262
892588
5360223
893240
5364137
5366094
37579100
894544
5371965
5373922
37633900
5377836
37661300
37675000
301512351
44032
178945
179010
898130
179140
898782
899108
5399363
179400
900086
900412
5407191
901064
5411105
5413062
37907900
179920
902694
903020
5422847
903672
5426761
5428718
38017500
904976
5434589
5436546
38072300
5440460
38099700
38113400
305019583
180960
907910
908236
5454159
908888
5458073
5460030
38236700
910192
5465901
5467858
38291500
5471772
38318900
38332600
306773199
912800
5481557
5483514
38401100
5487428
38428500
38442200
307650007
5495256
38483300
38497000
308088411
38524400
308307613
308417214
-1518223146
14080
45072
45088
183235
45120
183365
183430
920298
45184
183625
183690
921602
183820
922254
922580
5540267
45312
184145
184210
924210
184340
924862
925188
5555923
184600
926166
926492
5563751
927144
5567665
5569622
39003900
45568
185185
185250
929426
185380
930078
930404
5587235
185640
931382
931708
5595063
932360
5598977
5600934
39223100
186160
933990
934316
5610719
934968
5614633
5616590
39332700
936272
5622461
5624418
39387500
5628332
39414900
39428600
315541279
46080
187265
187330
939858
187460
940510
940836
5649859
187720
941814
942140
5657687
942792
5661601
5663558
39661500
188240
944422
944748
5673343
945400
5677257
5679214
39771100
946704
5685085
5687042
39825900
5690956
39853300
39867000
319048511
189280
949638
949964
5704655
950616
5708569
5710526
39990300
951920
5716397
5718354
40045100
5722268
40072500
40086200
320802127
954528
5732053
5734010
40154700
5737924
40182100
40195800
321678935
5745752
40236900
40250600
322117339
40278000
322336541
322446142
-1391962666
47104
191425
191490
960722
191620
961374
961700
5775107
191880
962678
963004
5782935
963656
5786849
5788806
40538300
192400
965286
965612
5798591
966264
5802505
5804462
40647900
967568
5810333
5812290
40702700
5816204
40730100
40743800
326062975
193440
970502
970828
5829903
971480
5833817
5835774
40867100
972784
5841645
5843602
40921900
5847516
40949300
40963000
327816591
975392
5857301
5859258
41031500
5863172
41058900
41072600
328693399
5871000
41113700
41127400
329131803
41154800
329351005
329460606
-1328832426
195520
980934
981260
5892527
981912
5896441
5898398
41305500
983216
5904269
5906226
41360300
5910140
41387700
41401400
331323823
985824
5919925
5921882
41469900
5925796
41497300
41511000
332200631
5933624
41552100
41565800
332639035
41593200
332858237
332967838
-1297267306
991040
5951237
5953194
41689100
5957108
41716500
41730200
333954247
5964936
41771300
41785000
334392651
41812400
334611853
334721454
-1281484746
5980592
41880900
41894600
335269459
41922000
335488661
335598262
-1273593466
41976800
335927065
336036666
-1269647826
336255868
-1267675006
-1266688596
227883099
6144
15365
15370
49200
15380
49232
49248
200135
15400
49296
49312
200395
49344
200525
200590
1006362
15440
49424
49440
200915
49472
201045
201110
1008970
49536
201305
201370
1010274
201500
1010926
1011252
6072571
15520
49680
49696
201955
49728
202085
202150
1014186
49792
202345
202410
1015490
202540
1016142
1016468
6103883
49920
202865
202930
1018098
203060
1018750
1019076
6119539
203320
1020054
1020380
6127367
1021032
6131281
6133238
42949500
15680
50192
50208
204035
50240
204165
204230
1024618
50304
204425
204490
1025922
204620
1026574
1026900
6166507
50432
204945
205010
1028530
205140
1029182
1029508
6182163
205400
1030486
1030812
6189991
1031464
6193905
6195862
43387900
50688
205985
206050
1033746
206180
1034398
1034724
6213475
206440
1035702
1036028
6221303
1036680
6225217
6227174
43607100
206960
1038310
1038636
6236959
1039288
6240873
6242830
43716700
1040592
6248701
6250658
43771500
6254572
43798900
43812600
350613599
16000
51216
51232
208195
51264
208325
208390
1045482
51328
208585
208650
1046786
208780
1047438
1047764
6291755
51456
209105
209170
1049394
209300
1050046
1050372
6307411
209560
1051350
1051676
6315239
1052328
6319153
6321110
44264700
51712
210145
210210
1054610
210340
1055262
1055588
6338723
210600
1056566
1056892
6346551
1057544
6350465
6352422
44483900
211120
1059174
1059500
6362207
1060152
6366121
6368078
44593500
1061456
6373949
6375906
44648300
6379820
44675700
44689400
357628063
52224
212225
212290
1065042
212420
1065694
1066020
6401347
212680
1066998
1067324
6409175
1067976
6413089
6415046
44922300
213200
1069606
1069932
6424831
1070584
6428745
6430702
45031900
1071888
6436573
6438530
45086700
6442444
45114100
45127800
361135295
214240
1074822
1075148
6456143
1075800
6460057
6462014
45251100
1077104
6467885
6469842
45305900
6473756
45333300
45347000
362888911
1079712
6483541
6485498
45415500
6489412
45442900
45456600
363765719
6497240
45497700
45511400
364204123
45538800
364423325
364532926
-1013181226
16640
53264
53280
216515
53312
216645
216710
1087210
53376
216905
216970
1088514
217100
1089166
1089492
6542251
53504
217425
217490
1091122
217620
1091774
1092100
6557907
217880
1093078
1093404
6565735
1094056
6569649
6571606
46018300
53760
218465
218530
1096338
218660
1096990
1097316
6589219
218920
1098294
1098620
6597047
1099272
6600961
6602918
46237500
219440
1100902
1101228
6612703
1101880
6616617
6618574
46347100
1103184
6624445
6626402
46401900
6630316
46429300
46443000
371656991
54272
220545
220610
1106770
220740
1107422
1107748
6651843
221000
1108726
1109052
6659671
1109704
6663585
6665542
46675900
221520
1111334
1111660
6675327
1112312
6679241
6681198
46785500
1113616
6687069
6689026
46840300
6692940
46867700
46881400
375164223
222560
1116550
1116876
6706639
1117528
6710553
6712510
47004700
1118832
6718381
6720338
47059500
6724252
47086900
47100600
376917839
1121440
6734037
6735994
47169100
6739908
47196500
47210200
377794647
6747736
47251300
47265000
378233051
47292400
378452253
378561854
-886920746
55296
224705
224770
1127634
224900
1128286
1128612
6777091
225160
1129590
1129916
6784919
1130568
6788833
6790790
47552700
225680
1132198
1132524
6800575
1133176
6804489
6806446
47662300
1134480
6812317
6814274
47717100
6818188
47744500
47758200
382178687
226720
1137414
1137740
6831887
1138392
6835801
6837758
47881500
1139696
6843629
6845586
47936300
6849500
47963700
47977400
383932303
1142304
6859285
6861242
48045900
6865156
48073300
48087000
384809111
6872984
48128100
48141800
385247515
48169200
385466717
385576318
-823790506
228800
1147846
1148172
6894511
1148824
6898425
6900382
48319900
1150128
6906253
6908210
48374700
6912124
48402100
48415800
387439535
1152736
6921909
6923866
48484300
6927780
48511700
48525400
388316343
6935608
48566500
48580200
388754747
48607600
388973949
389083550
-792225386
1157952
6953221
6955178
48703500
6959092
48730900
48744600
390069959
6966920
48785700
48799400
390508363
48826800
390727565
390837166
-776442826
6982576
48895300
48909000
391385171
48936400
391604373
391713974
-768551546
48991200
392042777
392152378
-764605906
392371580
-762633086
-761646676
983335515
17920
57360
57376
233155
57408
233285
233350
1170666
57472
233545
233610
1171970
233740
1172622
1172948
7043243
57600
234065
234130
1174578
234260
1175230
1175556
7058899
234520
1176534
1176860
7066727
1177512
7070641
7072598
49525500
57856
235105
235170
1179794
235300
1180446
1180772
7090211
235560
1181750
1182076
7098039
1182728
7101953
7103910
49744700
236080
1184358
1184684
7113695
1185336
7117609
7119566
49854300
1186640
7125437
7127394
49909100
7131308
49936500
49950200
399714847
58368
237185
237250
1190226
237380
1190878
1191204
7152835
237640
1192182
1192508
7160663
1193160
7164577
7166534
50183100
238160
1194790
1195116
7176319
1195768
7180233
7182190
50292700
1197072
7188061
7190018
50347500
7193932
50374900
50388600
403222079
239200
1200006
1200332
7207631
1200984
7211545
7213502
50511900
1202288
7219373
7221330
50566700
7225244
50594100
50607800
404975695
1204896
7235029
7236986
50676300
7240900
50703700
50717400
405852503
7248728
50758500
50772200
406290907
50799600
406510109
406619710
-634399786
59392
241345
241410
1211090
241540
1211742
1212068
7278083
241800
1213046
1213372
7285911
1214024
7289825
7291782
51059900
242320
1215654
1215980
7301567
1216632
7305481
7307438
51169500
1217936
7313309
7315266
51224300
7319180
51251700
51265400
410236543
243360
1220870
1221196
7332879
1221848
7336793
7338750
51388700
1223152
7344621
7346578
51443500
7350492
51470900
51484600
411990159
1225760
7360277
7362234
51553100
7366148
51580500
51594200
412866967
7373976
51635300
51649000
413305371
51676400
413524573
413634174
-571269546
245440
1231302
1231628
7395503
1232280
7399417
7401374
51827100
1233584
7407245
7409202
51881900
7413116
51909300
51923000
415497391
1236192
7422901
7424858
51991500
7428772
52018900
52032600
416374199
7436600
52073700
52087400
416812603
52114800
417031805
417141406
-539704426
1241408
7454213
7456170
52210700
7460084
52238100
52251800
418127815
7467912
52292900
52306600
418566219
52334000
418785421
418895022
-523921866
7483568
52402500
52416200
419443027
52443600
419662229
419771830
-516030586
52498400
420100633
420210234
-512084946
420429436
-510112126
-509125716
-786421925
61440
249665
249730
1252818
249860
1253470
1253796
7528579
250120
1254774
1255100
7536407
1255752
7540321
7542278
52813500
250640
1257382
1257708
7552063
1258360
7555977
7557934
52923100
1259664
7563805
7565762
52977900
7569676
53005300
53019000
424265471
251680
1262598
1262924
7583375
1263576
7587289
7589246
53142300
1264880
7595117
7597074
53197100
7600988
53224500
53238200
426019087
1267488
7610773
7612730
53306700
7616644
53334100
53347800
426895895
7624472
53388900
53402600
427334299
53430000
427553501
427663102
-445009066
253760
1273030
1273356
7645999
1274008
7649913
7651870
53580700
1275312
7657741
7659698
53635500
7663612
53662900
53676600
429526319
1277920
7673397
7675354
53745100
7679268
53772500
53786200
430403127
7687096
53827300
53841000
430841531
53868400
431060733
431170334
-413443946
1283136
7704709
7706666
53964300
7710580
53991700
54005400
432156743
7718408
54046500
54060200
432595147
54087600
432814349
432923950
-397661386
7734064
54156100
54169800
433471955
54197200
433691157
433800758
-389770106
54252000
434129561
434239162
-385824466
434458364
-383851646
-382865236
476183003
257920
1293894
1294220
7771247
1294872
7775161
7777118
54457500
1296176
7782989
7784946
54512300
7788860
54539700
54553400
436540783
1298784
7798645
7800602
54621900
7804516
54649300
54663000
437417591
7812344
54704100
54717800
437855995
54745200
438075197
438184798
-350313706
1304000
7829957
7831914
54841100
7835828
54868500
54882200
439171207
7843656
54923300
54937000
439609611
54964400
439828813
439938414
-334531146
7859312
55032900
55046600
440486419
55074000
440705621
440815222
-326639866
55128800
441144025
441253626
-322694226
441472828
-320721406
-319734996
1107485467
1314432
7892581
7894538
55279500
7898452
55306900
55320600
442678439
7906280
55361700
55375400
443116843
55402800
443336045
443445646
-302966026
7921936
55471300
55485000
443993651
55512400
444212853
444322454
-295074746
55567200
444651257
444760858
-291129106
444980060
-289156286
-288169876
1423136699
7953248
55690500
55704200
445747267
55731600
445966469
446076070
-279292186
55786400
446404873
446514474
-275346546
446733676
-273373726
-272387316
1580962315
55896000
447281681
447391282
-267455266
447610484
-265482446
-264496036
1659875123
448048888
-261536806
-260550396
1699331527
-258577576
1719059729
1728923830
1946802152
